	tsk_1112	tsk_1526	tsk_791	tsk_1674	tsk_833	tsk_554	tsk_1752	tsk_1007	tsk_890	tsk_253	tsk_1460	tsk_808	tsk_1188	tsk_429	tsk_1681	tsk_301	tsk_414	tsk_95	tsk_1260	tsk_1393	tsk_1233	tsk_189	tsk_1498	tsk_166	tsk_1551	tsk_780	tsk_498	tsk_1334	tsk_370	tsk_1687	tsk_1020	tsk_988	tsk_1818	tsk_178	tsk_764	tsk_903	tsk_1055	tsk_718	tsk_88	tsk_1740	tsk_1876	tsk_968	tsk_32	tsk_811	tsk_432	tsk_1170	tsk_160	tsk_1514	tsk_994	tsk_702	tsk_1405	tsk_608	tsk_461	tsk_1199	tsk_676	tsk_1648	tsk_51	tsk_849	tsk_1313	tsk_1666	tsk_1421	tsk_270	tsk_1815	tsk_1079	tsk_549	tsk_972	tsk_1731	tsk_372	tsk_1016	tsk_157	tsk_620	tsk_44	tsk_402	tsk_217	tsk_1771	tsk_1329	tsk_915	tsk_238	tsk_465	tsk_982	tsk_511	tsk_1647	tsk_8	tsk_1130	tsk_1365	tsk_167	tsk_1760	tsk_563	tsk_229	tsk_1219	tsk_864	tsk_159	tsk_1059	tsk_567	tsk_1813	tsk_1030	tsk_613	tsk_1490	tsk_733	tsk_716
0	0.00072174	0.000794195	0.00074073	0.00082714	0.000722255	0.000706425	0.00079882	0.00086729	0.00080238	0.000892515	0.00081471	0.000707565	0.00080592	0.00082461	0.00079368	0.000770015	0.000853685	0.000782645	0.000757605	0.00085666	0.000752805	0.000770595	0.00078984	0.00056419	0.00074542	0.00085255	0.00081625	0.000713435	0.00076016	0.000737995	0.00072987	0.000713995	0.00074443	0.00069844	0.00079403	0.000835055	0.00076074	0.000864	0.00086646	0.00086546	0.000783245	0.00082948	0.00070673	0.000662625	0.00061936	0.00065317	0.000823295	0.00077648	0.000822145	0.00082018	0.000878005	0.00076986	0.00079209	0.00075746	0.00079751	0.000775875	0.000825665	0.000829255	0.000745075	0.000789525	0.000790355	0.00085946	0.00085233	0.00079836	0.000831885	0.000866135	0.000739565	0.00080823	0.000809715	0.00081742	0.0007843	0.00081721	0.000906085	0.0007703	0.00087319	0.000823305	0.000918985	0.00069937	0.00081218	0.000933515	0.00080478	0.000741045	0.000823225	0.000794585	0.00070586	0.00079869	0.00077218	0.000829255	0.000724145	0.00076783	0.000879625	0.00073729	0.00068156	0.00080387	0.00082866	0.000662785	0.000745455	0.00081411	0.00079458	0.00087466
1	0.000794195	0.00075079	0.000843425	0.000793745	0.000752305	0.00085279	0.000793315	0.000704655	0.000910035	0.00085703	0.00088292	0.0007989	0.000852195	0.000820495	0.00080555	0.00058849	0.000855105	0.000820245	0.00083564	0.000692355	0.00076294	0.00089091	0.00081997	0.000782285	0.000615975	0.000729305	0.0008183	0.00087087	0.00082146	0.000612325	0.00084591	0.000821065	0.00082267	0.000777485	0.00089792	0.00086517	0.0008519	0.0007452	0.0009179	0.00078161	0.00089486	0.00076595	0.00085889	0.00075789	0.000872365	0.000794975	0.00087109	0.00076124	0.00087949	0.00086828	0.00074441	0.000696545	0.000856395	0.000837305	0.000780795	0.00073152	0.000887785	0.000894615	0.000863865	0.000842035	0.000776445	0.000866395	0.00084816	0.00087409	0.000875145	0.000856825	0.000857915	0.00089277	0.00089078	0.00084547	0.00065424	0.000861435	0.000899895	0.0008142	0.000859315	0.000823605	0.000884895	0.00086553	0.000871925	0.000775255	0.000828415	0.000801525	0.00093845	0.00085981	0.00072054	0.000883765	0.000812745	0.000894655	0.00085731	0.000795785	0.000900755	0.00079482	0.000834175	0.00067545	0.00082007	0.000831015	0.000699615	0.000818365	0.0008034	0.000752255
2	0.00074073	0.000843425	0.00070145	0.000876635	0.00074322	0.000735575	0.000889045	0.000855165	0.000768305	0.000798485	0.000695855	0.000735155	0.00081784	0.00084985	0.00083537	0.00086075	0.00077346	0.000809305	0.00081424	0.00091083	0.000724725	0.00081385	0.00076179	0.00070658	0.00077713	0.000800615	0.00081503	0.00070855	0.00078101	0.00080839	0.000731645	0.00077418	0.00075016	0.00073718	0.000803315	0.00081108	0.000734445	0.00089549	0.00086207	0.000886285	0.000766005	0.000829455	0.000624985	0.000733795	0.000776765	0.000772885	0.00077205	0.000796725	0.00075364	0.00078488	0.000869815	0.000825375	0.00076939	0.000762265	0.000822125	0.000783625	0.00082777	0.00075665	0.000819445	0.000850925	0.000799535	0.0007813	0.000846535	0.000748635	0.000717155	0.00075332	0.000830145	0.000781295	0.000774375	0.000788415	0.000860505	0.00084677	0.000850485	0.00071516	0.00088091	0.0007761	0.000847705	0.00070363	0.000841135	0.000930805	0.00079507	0.000743405	0.00078848	0.00079069	0.000731655	0.000698895	0.0008405	0.00075618	0.00072061	0.00071929	0.00080813	0.0007635	0.000677415	0.000839305	0.0008698	0.000786035	0.00079173	0.00086003	0.000774265	0.000881635
3	0.00082714	0.000793745	0.000876635	0.0005168	0.00079954	0.00088037	0.000499215	0.00082434	0.00081379	0.0008375	0.000892835	0.000701135	0.000901575	0.00078619	0.00057242	0.000711805	0.00084936	0.000854265	0.000683045	0.00077165	0.000824945	0.000830905	0.000692325	0.00083525	0.000713215	0.00074424	0.000738815	0.000829445	0.000828975	0.000736905	0.0008959	0.00077507	0.000821645	0.000816165	0.000716955	0.00079752	0.00087048	0.00082847	0.000866	0.00055002	0.00087591	0.00082336	0.000918105	0.00079098	0.00087621	0.000896925	0.000865255	0.00075667	0.00090376	0.00084318	0.00081979	0.00064371	0.00082101	0.00087155	0.000740035	0.000815185	0.00083736	0.00086759	0.000648575	0.000610425	0.00075319	0.000885035	0.00079797	0.00087976	0.00089068	0.00086567	0.00061883	0.000902885	0.000861345	0.00081613	0.00072442	0.000794295	0.00085683	0.000862495	0.000512215	0.000855005	0.00088214	0.00084827	0.00075793	0.000803975	0.00081536	0.000848415	0.00090092	0.00090038	0.000815625	0.000880455	0.000506185	0.00086763	0.00081151	0.000828125	0.00084773	0.000813875	0.000882355	0.000798025	0.000477275	0.00089406	0.000715045	0.000715975	0.00077356	0.000819555
4	0.000722255	0.000752305	0.00074322	0.00079954	0.000437	0.000700245	0.000783135	0.00087178	0.000752795	0.000894625	0.00080324	0.00070655	0.00084504	0.00075784	0.00080564	0.00083825	0.000730705	0.000638235	0.0008712	0.0008208	0.000570825	0.000865805	0.000650815	0.00073847	0.000757295	0.00083333	0.000763235	0.00074718	0.00059708	0.000770555	0.000667725	0.000779065	0.0006965	0.00049469	0.00081298	0.000868235	0.00069453	0.00087408	0.00073478	0.00079996	0.00078149	0.000863495	0.000655635	0.000428825	0.000787075	0.000698315	0.000639015	0.00075023	0.0007075	0.000826515	0.000853505	0.000745295	0.00072973	0.00086248	0.00078217	0.000553905	0.000796655	0.000731075	0.00090358	0.00085845	0.000906015	0.000894195	0.00084276	0.00070379	0.000623045	0.00089244	0.000863975	0.000735075	0.000662555	0.000866095	0.000841425	0.0007571	0.00075431	0.000713295	0.000852195	0.00057691	0.00090477	0.00065305	0.00086088	0.000901265	0.00077078	0.00052025	0.000810935	0.00068688	0.00046258	0.000697425	0.000813745	0.000729615	0.000578305	0.000560625	0.000944275	0.00065803	0.00059761	0.00078621	0.000783445	0.000728865	0.00074697	0.000833145	0.00072962	0.000874945
5	0.000706425	0.00085279	0.000735575	0.00088037	0.000700245	0.00061626	0.00087971	0.00093341	0.000755485	0.00080891	0.00075554	0.00071036	0.000905145	0.000785455	0.000835005	0.000905945	0.000645695	0.000568085	0.00086997	0.00092085	0.00084997	0.00081982	0.000831045	0.000741895	0.000810375	0.00083205	0.00085971	0.000705185	0.00074142	0.00075678	0.00078946	0.00084112	0.00071498	0.00061967	0.000892615	0.000827125	0.000577485	0.000924015	0.00061418	0.000879265	0.000691235	0.000764245	0.00058401	0.000763265	0.000390985	0.00078475	0.000690825	0.00084693	0.000824085	0.00066672	0.000936975	0.00080776	0.00073021	0.00087198	0.000814295	0.000856785	0.000641915	0.00059106	0.00086189	0.00088528	0.00086004	0.00074273	0.000864205	0.000797875	0.000606425	0.000659135	0.000864495	0.000538285	0.00067561	0.000704165	0.000900415	0.00075435	0.000680035	0.00080584	0.000931985	0.000819375	0.00080343	0.000742985	0.00089544	0.000952855	0.00080172	0.000818545	0.000652875	0.000667565	0.00078685	0.00052668	0.000850305	0.0005932	0.00068194	0.000765215	0.00083314	0.00067774	0.00075389	0.000850885	0.000881445	0.000577845	0.000807465	0.00090465	0.00079938	0.00091022
6	0.00079882	0.000793315	0.000889045	0.000499215	0.000783135	0.00087971	0.00075307	0.000819625	0.000817085	0.000812235	0.000844015	0.00077275	0.00093222	0.00079976	0.000584585	0.000708355	0.00084867	0.000846005	0.000632785	0.000682655	0.000824315	0.00086723	0.00073152	0.000803975	0.000701725	0.000768245	0.00073697	0.000828825	0.000792125	0.000760715	0.00089178	0.000776915	0.00078793	0.00083413	0.00072658	0.000791	0.000854345	0.000812085	0.00085944	0.00054114	0.000811895	0.00080497	0.000874	0.000780395	0.000877295	0.000904115	0.00085818	0.00070449	0.000840945	0.00082578	0.000810265	0.00064884	0.00083524	0.000885145	0.000684925	0.000801305	0.00082999	0.000861495	0.000683935	0.00059861	0.000752015	0.000844605	0.00076659	0.000847345	0.00087004	0.00086438	0.00058695	0.00087361	0.000882895	0.0008014	0.000687415	0.00078319	0.000856485	0.000796995	0.00058575	0.000790845	0.000859605	0.00085681	0.00074703	0.00077266	0.000774945	0.00082106	0.00084978	0.00088262	0.000766485	0.000872915	0.000560475	0.000861495	0.000832475	0.000804115	0.000816115	0.00081005	0.000860895	0.00078328	0.00054968	0.00087705	0.000737315	0.00071175	0.000778685	0.000812245
7	0.00086729	0.000704655	0.000855165	0.00082434	0.00087178	0.00093341	0.000819625	1.84e-06	0.00097736	0.000654655	0.000775675	0.00090033	0.00087769	0.00089525	0.000875585	0.00081304	0.000922045	0.00092596	0.000862485	0.00068275	0.00083067	0.000956385	0.000879125	0.000877245	0.000677535	0.00065073	0.00064549	0.00093115	0.000907395	0.000737125	0.00095525	0.000879555	0.000810815	0.00091975	0.00095977	0.000798025	0.000944485	0.000482605	0.000923275	0.000812	0.00088375	0.00070854	0.000984135	0.000851245	0.0009902	0.000857365	0.000982525	0.00076157	0.000959675	0.00091234	0.000157695	0.000754085	0.000943465	0.00082301	0.00062175	0.00080156	0.000899755	0.00094006	0.000832675	0.000849515	0.00074928	0.00086901	0.00075379	0.000959605	0.00097078	0.00089921	0.00091625	0.00096854	0.00095701	0.0008771	0.000643795	0.00089543	0.00089921	0.000898075	0.000807535	0.00092254	0.000832845	0.000935515	0.000732295	0.000586275	0.000891445	0.00082321	0.00096771	0.001017195	0.000862735	0.000963485	0.0008529	0.00094006	0.00093779	0.00088315	0.00087038	0.000947025	0.00092459	0.000488935	0.000719065	0.00093884	0.00078066	0.0008379	0.00075982	0.000527715
8	0.00080238	0.000910035	0.000768305	0.00081379	0.000752795	0.000755485	0.000817085	0.00097736	0.00047984	0.0007935	0.000736795	0.000754955	0.00089393	0.00064918	0.00082049	0.00085351	0.00078432	0.000750685	0.00080493	0.00092049	0.00080456	0.000691175	0.000758145	0.000733945	0.000825005	0.000830795	0.000877935	0.00076178	0.000728905	0.00087627	0.0007826	0.00078916	0.000824515	0.00064314	0.00069572	0.000770985	0.000564105	0.00087077	0.000774645	0.000830245	0.000725095	0.00075604	0.000688345	0.00075933	0.00079054	0.00081896	0.000736165	0.000848485	0.000852745	0.00070502	0.000970585	0.00082065	0.000842585	0.00089766	0.00082578	0.00080663	0.0007335	0.000498285	0.00080035	0.00079379	0.000801455	0.0007157	0.000794735	0.000835375	0.000626815	0.0007435	0.00075444	0.0007045	0.000740435	0.00075745	0.000871585	0.000738155	0.00082905	0.00082525	0.00085591	0.00076901	0.000802985	0.000785765	0.000856755	0.000886305	0.00077176	0.000791025	0.000752185	0.000752305	0.000760925	0.00065177	0.00078505	0.000495085	0.000592835	0.000747925	0.000786355	0.00080197	0.000575875	0.000851155	0.000818025	0.000702845	0.000861915	0.00084746	0.00081054	0.00087979
9	0.000892515	0.00085703	0.000798485	0.0008375	0.000894625	0.00080891	0.000812235	0.000654655	0.0007935	0.00062259	0.00067419	0.000844965	0.000850305	0.000824065	0.00082893	0.000835005	0.00081318	0.000878365	0.00081231	0.00074824	0.000920095	0.00085936	0.000837675	0.00079006	0.000800965	0.000712795	0.00061819	0.00085814	0.000821325	0.000809575	0.00091781	0.000858305	0.000874155	0.000872635	0.000842025	0.000772465	0.000789765	0.00070898	0.00085906	0.000777155	0.000736125	0.000753055	0.000813575	0.00088456	0.000830975	0.00085808	0.00085414	0.000796685	0.00088811	0.000766615	0.000664945	0.000776865	0.00087317	0.000872475	0.0006227	0.00088031	0.000782185	0.000765325	0.000791935	0.00080327	0.00078613	0.00068312	0.0007186	0.00089842	0.000812565	0.00069256	0.000817815	0.000812495	0.00088385	0.00067789	0.000621335	0.00087219	0.00085448	0.00083879	0.000799855	0.000896955	0.00056187	0.00089179	0.000769095	0.00068291	0.00083528	0.000873505	0.00081698	0.00087994	0.00090598	0.00076615	0.00083482	0.00076648	0.000887785	0.00089991	0.00066009	0.000865185	0.00086439	0.000758105	0.000704105	0.000858455	0.000851355	0.000784135	0.00078705	0.000697275
10	0.00081471	0.00088292	0.000695855	0.000892835	0.00080324	0.00075554	0.000844015	0.000775675	0.000736795	0.00067419	0.00073183	0.000797715	0.000859405	0.00079577	0.00083171	0.000873285	0.000817985	0.000822405	0.00078229	0.000843845	0.00081776	0.000824425	0.00079718	0.000772555	0.000765155	0.0007509	0.000788715	0.000809625	0.00076479	0.000836425	0.00082904	0.00084344	0.000786705	0.000842085	0.000838565	0.00075498	0.000739255	0.00082879	0.00083179	0.000851305	0.000466275	0.00076944	0.000753415	0.000813405	0.00080967	0.00082857	0.00073613	0.00079681	0.000835035	0.000715905	0.000777315	0.00082214	0.000866695	0.000854875	0.000781205	0.00078538	0.000779345	0.00071969	0.00081802	0.000841255	0.00080871	0.000602285	0.000753955	0.000834645	0.000703815	0.000712785	0.000803365	0.000752325	0.00078777	0.00075757	0.000759145	0.00081367	0.000838125	0.00080846	0.000858465	0.00080017	0.000768695	0.000764485	0.0007968	0.000787585	0.00080169	0.00074561	0.0007933	0.000793225	0.00080183	0.000717635	0.000829495	0.000720655	0.000779285	0.000771005	0.000769685	0.00083067	0.000740015	0.00076586	0.00079619	0.000805055	0.0008475	0.000874125	0.00078991	0.00081988
11	0.000707565	0.0007989	0.000735155	0.000701135	0.00070655	0.00071036	0.00077275	0.00090033	0.000754955	0.000844965	0.000797715	0.00068088	0.000878805	0.00073889	0.000624115	0.00074755	0.00084392	0.00072924	0.000695615	0.000832575	0.000786225	0.000784645	0.000740135	0.00066466	0.0006972	0.000785925	0.00077495	0.00071669	0.000757585	0.00055076	0.000830695	0.00076315	0.00075631	0.000613585	0.00064343	0.00082615	0.000757195	0.0008849	0.00086756	0.000751325	0.00079003	0.000852875	0.00070858	0.000761785	0.00075491	0.0008072	0.000742155	0.00075521	0.00089659	0.000789085	0.000871565	0.000697375	0.00077695	0.00087279	0.000767175	0.000811195	0.00081597	0.000772615	0.000669775	0.00068378	0.000787685	0.00085273	0.000777775	0.00087198	0.000767625	0.00082672	0.000644265	0.00075677	0.000803135	0.00076972	0.000776055	0.000805295	0.000870905	0.00075038	0.0007669	0.00084848	0.000867625	0.0007254	0.00079995	0.000878355	0.000744915	0.000769975	0.00079792	0.000775795	0.000782295	0.000769045	0.000680795	0.00077339	0.000661165	0.00077148	0.000863245	0.00071011	0.00076727	0.00083775	0.000774975	0.00076167	0.00065375	0.000817475	0.000763965	0.00087348
12	0.00080592	0.000852195	0.00081784	0.000901575	0.00084504	0.000905145	0.00093222	0.00087769	0.00089393	0.000850305	0.000859405	0.000878805	0.00030378	0.00091296	0.000884465	0.0008652	0.000919585	0.000877215	0.000908685	0.0009086	0.000610885	0.0005892	0.000809295	0.000823	0.00087149	0.000911465	0.00082897	0.00075037	0.00084342	0.00085785	0.000743015	0.000843815	0.000838195	0.00087277	0.000875475	0.0008156	0.000919325	0.000875535	0.000934575	0.00095469	0.00079755	0.000898285	0.00084434	0.000794005	0.00089293	0.000468385	0.000875875	0.000888085	0.00077612	0.000934515	0.000863025	0.00087027	0.000859575	0.00035989	0.00085617	0.000545965	0.00093648	0.00093229	0.000862355	0.000934235	0.000903685	0.000848485	0.000843435	0.000771935	0.00091144	0.00087891	0.000912075	0.000907205	0.000876565	0.000896175	0.000852015	0.000867965	0.00092681	0.000823065	0.00091219	0.00083723	0.000910625	0.000850205	0.0008541	0.000896235	0.00089068	0.00058473	0.000884585	0.00090476	0.000828735	0.00091064	0.000950255	0.000931385	0.000854975	0.00072581	0.00084367	0.0009032	0.000781685	0.000882995	0.00090877	0.00088921	0.00089517	0.000832025	0.00079172	0.000900025
13	0.00082461	0.000820495	0.00084985	0.00078619	0.00075784	0.000785455	0.00079976	0.00089525	0.00064918	0.000824065	0.00079577	0.00073889	0.00091296	0.0008785	0.000789365	0.00085558	0.00077889	0.000715345	0.00086389	0.00076309	0.00080983	0.00083867	0.000793915	0.00081408	0.00076407	0.00077083	0.000841695	0.000739545	0.000715055	0.00078415	0.000834775	0.00082608	0.00079165	0.00075216	0.000725595	0.00080002	0.000758995	0.000875635	0.000782005	0.00077403	0.000806585	0.000782065	0.000800385	0.00075719	0.000770455	0.000844505	0.000793515	0.00078824	0.00080394	0.00076299	0.000880945	0.00075793	0.00080594	0.00091968	0.0008154	0.00079457	0.00078271	0.00075935	0.000834085	0.000835225	0.000826495	0.000805055	0.000745685	0.00077699	0.00077939	0.00080948	0.000834265	0.000746955	0.000783815	0.00079355	0.00081494	0.00071887	0.00078268	0.0007547	0.000824895	0.0007835	0.000789495	0.000799	0.00084422	0.00084836	0.00076554	0.000789545	0.00085779	0.000813925	0.000758545	0.00075983	0.00079606	0.000759915	0.000763555	0.000762155	0.000803275	0.00076711	0.00077775	0.000835905	0.00080356	0.000729495	0.000796065	0.00084088	0.000842355	0.000853185
14	0.00079368	0.00080555	0.00083537	0.00057242	0.00080564	0.000835005	0.000584585	0.000875585	0.00082049	0.00082893	0.00083171	0.000624115	0.000884465	0.000789365	0.00075315	0.00068895	0.000871015	0.00080886	0.000576485	0.00074367	0.00080963	0.000847505	0.00072147	0.00078358	0.0006773	0.00078252	0.00078132	0.000800885	0.000810655	0.000640025	0.000894075	0.000752195	0.00080974	0.00078455	0.0007921	0.00081589	0.000834075	0.00089385	0.00090149	0.00057467	0.0008215	0.000857705	0.000813775	0.00080769	0.00085257	0.000866175	0.00079651	0.000693415	0.000933855	0.000841745	0.00085764	0.00063174	0.000858685	0.000840255	0.000745775	0.00082515	0.00085852	0.000848195	0.000537365	0.00051362	0.000785815	0.000866755	0.0008076	0.000902725	0.00083332	0.000861735	0.00044233	0.00083447	0.00086946	0.00082772	0.00072574	0.000802135	0.00088855	0.0008271	0.00051486	0.00086751	0.000865585	0.000786825	0.000721005	0.000831145	0.00079346	0.00080818	0.00086264	0.00083804	0.00078605	0.00084754	0.00053307	0.000848195	0.00080331	0.00080551	0.000843915	0.00079197	0.00083211	0.0008393	0.00064256	0.000856935	0.000658925	0.00066877	0.00079137	0.000881215
15	0.000770015	0.00058849	0.00086075	0.000711805	0.00083825	0.000905945	0.000708355	0.00081304	0.00085351	0.000835005	0.000873285	0.00074755	0.0008652	0.00085558	0.00068895	0.00083664	0.000893835	0.00088007	0.000713675	0.00070286	0.00082105	0.00085906	0.00077229	0.000762965	0.00071825	0.00077779	0.0008166	0.0008636	0.00086059	0.0006453	0.00089315	0.00078422	0.000804665	0.000777615	0.00085305	0.000832685	0.00083825	0.000797335	0.00094088	0.000723245	0.00088171	0.000797585	0.000873735	0.00086229	0.000917865	0.00085201	0.000865805	0.000799885	0.000876445	0.00083121	0.000812785	0.00070927	0.000863425	0.00086162	0.00076336	0.000847895	0.00085157	0.00087299	0.000712295	0.000691365	0.000722225	0.000868465	0.000853105	0.00083722	0.00088756	0.00082633	0.00064268	0.000906285	0.000906055	0.000793365	0.000593515	0.000838545	0.00091695	0.00081081	0.00076339	0.000838465	0.000872995	0.00085731	0.000817385	0.000780545	0.00082895	0.00087944	0.00086842	0.00087536	0.00078974	0.00086937	0.000709855	0.00087303	0.00084361	0.000881505	0.000854785	0.00079737	0.00086666	0.000755395	0.00076286	0.00088667	0.00068653	0.00073988	0.000770265	0.00082006
16	0.000853685	0.000855105	0.00077346	0.00084936	0.000730705	0.000645695	0.00084867	0.000922045	0.00078432	0.00081318	0.000817985	0.00084392	0.000919585	0.00077889	0.000871015	0.000893835	0.00046019	0.00072312	0.000883625	0.000819035	0.000856265	0.00082036	0.000771005	0.000846705	0.00083901	0.0008585	0.00082574	0.00071796	0.000722835	0.000840895	0.000788535	0.00083636	0.00071549	0.00078699	0.00081142	0.00080522	0.00063712	0.000895435	0.000374675	0.000818905	0.00078193	0.000830785	0.000691755	0.000754815	0.00074893	0.00087082	0.0006472	0.00079501	0.00070703	0.000758185	0.0009504	0.000814315	0.00071865	0.000957285	0.00080115	0.000851865	0.000638905	0.000698865	0.00093756	0.000877085	0.00080995	0.00081314	0.000785905	0.00070631	0.00060581	0.00074601	0.000883255	0.000616085	0.00060309	0.00082111	0.000882255	0.000749345	0.00037265	0.00071388	0.00088652	0.00068957	0.000840535	0.000748405	0.000864155	0.000906245	0.00076844	0.00084616	0.000671885	0.000691795	0.000808705	0.000604645	0.000869045	0.00070097	0.000776405	0.00077975	0.00081809	0.0006738	0.00081548	0.000867725	0.000848245	0.00068878	0.000852445	0.000869105	0.000817645	0.000895605
17	0.000782645	0.000820245	0.000809305	0.000854265	0.000638235	0.000568085	0.000846005	0.00092596	0.000750685	0.000878365	0.000822405	0.00072924	0.000877215	0.000715345	0.00080886	0.00088007	0.00072312	0.00057394	0.000872285	0.00081586	0.000749925	0.000824055	0.000756495	0.00085152	0.00078224	0.00085703	0.00076632	0.00074995	0.000597485	0.0007939	0.000800405	0.000831825	0.0007137	0.000621025	0.00087858	0.00084533	0.00067847	0.00089877	0.000677895	0.00084986	0.00076526	0.000845935	0.000659945	0.00068739	0.00074778	0.00079172	0.000700515	0.000851285	0.000758965	0.00082464	0.000910355	0.00076015	0.000827885	0.00086885	0.00080065	0.00076221	0.000772155	0.00074236	0.00089663	0.00089001	0.00090213	0.00086201	0.0007988	0.00075887	0.00067642	0.000840575	0.000869165	0.000545645	0.000710975	0.000883745	0.00087159	0.00066969	0.00072566	0.000738595	0.00087291	0.00073801	0.000816665	0.000754565	0.000867815	0.00087954	0.000787535	0.000735325	0.000767955	0.00072772	0.000715835	0.00076288	0.000846845	0.000743515	0.000654755	0.000672785	0.00091	0.000740235	0.0006704	0.000839525	0.00082312	0.00069832	0.000797395	0.000885825	0.000833845	0.000870985
18	0.000757605	0.00083564	0.00081424	0.000683045	0.0008712	0.00086997	0.000632785	0.000862485	0.00080493	0.00081231	0.00078229	0.000695615	0.000908685	0.00086389	0.000576485	0.000713675	0.000883625	0.000872285	0.00063877	0.000781815	0.00086764	0.00082852	0.000764295	0.00066382	0.000741875	0.000835345	0.000748865	0.00082011	0.000830305	0.00070591	0.00089191	0.000672875	0.000825935	0.00083734	0.00073923	0.000841045	0.000860605	0.000820055	0.00090595	0.00070876	0.00076301	0.00087168	0.00086427	0.000848275	0.00086494	0.000910795	0.00082496	0.000676465	0.000912395	0.000854165	0.000859065	0.00072711	0.000818325	0.000825195	0.00076584	0.000855015	0.000848395	0.000835135	0.000554985	0.000462875	0.000728915	0.00083343	0.00081393	0.0008863	0.000860185	0.0008642	0.000372695	0.00086614	0.000900515	0.000837215	0.000692695	0.00083757	0.00089643	0.00081613	0.000664715	0.00088776	0.000857315	0.000824235	0.00071481	0.000813705	0.00081681	0.00084898	0.00087154	0.0008663	0.00087094	0.000861375	0.000477785	0.000835135	0.000823055	0.000852435	0.000832465	0.000817275	0.000847395	0.00085506	0.00066923	0.000910385	0.00072429	0.000726615	0.000788135	0.000834475
19	0.00085666	0.000692355	0.00091083	0.00077165	0.0008208	0.00092085	0.000682655	0.00068275	0.00092049	0.00074824	0.000843845	0.000832575	0.0009086	0.00076309	0.00074367	0.00070286	0.000819035	0.00081586	0.000781815	2.904e-05	0.0008137	0.00091565	0.000783665	0.000897435	0.000641335	0.00068759	0.000637975	0.00086887	0.000809735	0.00070223	0.0008972	0.000879055	0.000781285	0.00090455	0.00080228	0.000761665	0.00087052	0.000771205	0.000849125	0.0006885	0.00085226	0.000860475	0.00093914	0.000792125	0.0009769	0.000884915	0.000951695	0.00072673	0.000848205	0.000880155	0.000631795	0.000588045	0.000922465	0.00094053	0.000620015	0.00078424	0.00086271	0.000950465	0.000842915	0.00077504	0.00068743	0.00084788	0.00068145	0.000858395	0.00093312	0.000935245	0.0007792	0.00091842	0.000891095	0.000903365	0.000575275	0.000740815	0.000812815	0.000736795	0.00077802	0.00078941	0.00080048	0.00090234	0.00074706	0.000736265	0.00078711	0.0008095	0.00088919	0.00097808	0.00079074	0.000899725	0.00079412	0.000950465	0.00091618	0.00081047	0.00081652	0.000800365	0.000907025	0.00071905	0.00068349	0.00084021	0.00076041	0.00078667	0.000897915	0.000742425
20	0.000752805	0.00076294	0.000724725	0.000824945	0.000570825	0.00084997	0.000824315	0.00083067	0.00080456	0.000920095	0.00081776	0.000786225	0.000610885	0.00080983	0.00080963	0.00082105	0.000856265	0.000749925	0.00086764	0.0008137	0.0005482	0.000762085	0.000642115	0.000795985	0.00074046	0.000832295	0.000758105	0.00072774	0.000678635	0.00077739	0.000612825	0.000775815	0.0007815	0.00073338	0.000807715	0.00079596	0.00079818	0.00091194	0.000874115	0.00085644	0.000837515	0.00087976	0.000715805	0.000525965	0.000913225	0.00062037	0.000860045	0.000799055	0.00072568	0.00090127	0.00082641	0.0007293	0.00082353	0.00057595	0.00081352	0.00034419	0.0009086	0.000854525	0.0008443	0.00089843	0.000897635	0.000885835	0.000806115	0.000683685	0.000793475	0.000914755	0.00085542	0.00082342	0.000799085	0.000912585	0.000802915	0.000817475	0.00087508	0.000697845	0.0008367	0.000666075	0.00097243	0.000773305	0.00087746	0.000901605	0.000812645	0.00042522	0.00087449	0.000869855	0.00049296	0.00083823	0.0008687	0.000854535	0.000702455	0.000513865	0.000895675	0.00079296	0.00059199	0.000825465	0.000797625	0.00079215	0.00072849	0.000832105	0.000789225	0.00090652
21	0.000770595	0.00089091	0.00081385	0.000830905	0.000865805	0.00081982	0.00086723	0.000956385	0.000691175	0.00085936	0.000824425	0.000784645	0.0005892	0.00083867	0.000847505	0.00085906	0.00082036	0.000824055	0.00082852	0.00091565	0.000762085	0.00091911	0.00078785	0.0007184	0.000867395	0.00090189	0.000875895	0.0007238	0.000842425	0.000852235	0.000815705	0.000821235	0.00083299	0.00077174	0.000770145	0.00082987	0.00077534	0.00088964	0.000824575	0.00092618	0.00075127	0.000882555	0.000823255	0.000832685	0.000801055	0.000697185	0.0007732	0.000869585	0.000814245	0.000854165	0.000952775	0.000877465	0.000857575	0.000684115	0.0008352	0.000757335	0.00084137	0.00076086	0.00083349	0.000866655	0.000830095	0.00080599	0.00080965	0.00079097	0.000781345	0.000854705	0.00081982	0.000809595	0.00078016	0.000857805	0.00085146	0.000811935	0.00085565	0.000796415	0.000886815	0.000815945	0.000882365	0.000775825	0.00087751	0.000906475	0.00083558	0.000784725	0.00082192	0.00081107	0.00085881	0.000782265	0.000863925	0.00076099	0.000648755	0.000755995	0.00084481	0.00082179	0.00074785	0.00088969	0.00086929	0.00079511	0.000879875	0.000876865	0.00084909	0.000905575
22	0.00078984	0.00081997	0.00076179	0.000692325	0.000650815	0.000831045	0.00073152	0.000879125	0.000758145	0.000837675	0.00079718	0.000740135	0.000809295	0.000793915	0.00072147	0.00077229	0.000771005	0.000756495	0.000764295	0.000783665	0.000642115	0.00078785	0.00083821	0.000809365	0.00072931	0.00084563	0.00075014	0.000770005	0.00066156	0.00083712	0.0007581	0.000766265	0.000799005	0.00075296	0.000745185	0.00081329	0.00076777	0.000857785	0.00079783	0.000748335	0.00081664	0.000887025	0.000751735	0.000653235	0.000888855	0.000784875	0.00083763	0.00064753	0.000775595	0.00087083	0.00086701	0.00074258	0.000813325	0.000778735	0.000804155	0.000627705	0.00082208	0.000809375	0.00080003	0.00074011	0.000845195	0.000869305	0.00077914	0.00075646	0.000789775	0.00089082	0.000749305	0.000789	0.0008229	0.00088078	0.00075315	0.00076747	0.00080698	0.00075018	0.000745645	0.00074535	0.00086973	0.000809845	0.00079091	0.00085473	0.00078798	0.000665245	0.000833295	0.00084591	0.00069192	0.000831215	0.00075029	0.00080856	0.000724385	0.000553105	0.00086679	0.00081133	0.00069599	0.000837925	0.000726165	0.000841035	0.000790385	0.000833515	0.00080162	0.00082807
23	0.00056419	0.000782285	0.00070658	0.00083525	0.00073847	0.000741895	0.000803975	0.000877245	0.000733945	0.00079006	0.000772555	0.00066466	0.000823	0.00081408	0.00078358	0.000762965	0.000846705	0.00085152	0.00066382	0.000897435	0.000795985	0.0007184	0.000809365	0.00046547	0.000771575	0.00079591	0.000839325	0.000756435	0.00077186	0.000739505	0.0007664	0.000632565	0.00081479	0.00065358	0.000708905	0.000861275	0.000782625	0.00081561	0.00087073	0.000856655	0.00071174	0.00084225	0.000713415	0.00074597	0.000646255	0.000751195	0.0007652	0.000778415	0.000817615	0.00078271	0.00085938	0.000788305	0.000762205	0.000764625	0.000780405	0.00080647	0.00079731	0.000722765	0.00067201	0.000697285	0.00076439	0.0008106	0.00083625	0.000786045	0.000790235	0.000831805	0.00070159	0.000802915	0.000813125	0.00075515	0.00078492	0.0008803	0.00090044	0.00073299	0.00083531	0.00081955	0.000873705	0.000753875	0.00082573	0.000871735	0.000829405	0.00077985	0.00084906	0.00076933	0.00075436	0.00073256	0.00071764	0.00072349	0.00070963	0.00079103	0.00086406	0.00070418	0.00075718	0.00077942	0.000854785	0.0007111	0.000768155	0.00072666	0.00077664	0.000840845
24	0.00074542	0.000615975	0.00077713	0.000713215	0.000757295	0.000810375	0.000701725	0.000677535	0.000825005	0.000800965	0.000765155	0.0006972	0.00087149	0.00076407	0.0006773	0.00071825	0.00083901	0.00078224	0.000741875	0.000641335	0.00074046	0.000867395	0.00072931	0.000771575	0.00059341	0.000675565	0.00070685	0.00082734	0.000770425	0.000686065	0.000810005	0.000763905	0.000719985	0.00082023	0.000776805	0.000777265	0.0008067	0.000797625	0.00088006	0.000682145	0.00083991	0.00074994	0.000801825	0.000728555	0.000873165	0.000791355	0.00085673	0.000662475	0.000882925	0.000814085	0.000713865	0.00042265	0.000862815	0.000870715	0.000724685	0.00068577	0.00084108	0.00088125	0.000729715	0.00071909	0.000733105	0.000816515	0.00078848	0.00086301	0.000839405	0.000821555	0.00067196	0.00083558	0.000865465	0.00081736	0.00070565	0.00081271	0.00087978	0.00078673	0.00071151	0.00080026	0.00087108	0.000844905	0.000766025	0.000784435	0.000769465	0.000719335	0.000864	0.000862505	0.00072209	0.00086531	0.000703965	0.00088126	0.000826095	0.00076553	0.000821355	0.000811035	0.000810095	0.00067566	0.000698225	0.000792375	0.000650965	0.00078176	0.000774175	0.00078017
25	0.00085255	0.000729305	0.000800615	0.00074424	0.00083333	0.00083205	0.000768245	0.00065073	0.000830795	0.000712795	0.0007509	0.000785925	0.000911465	0.00077083	0.00078252	0.00077779	0.0008585	0.00085703	0.000835345	0.00068759	0.000832295	0.00090189	0.00084563	0.00079591	0.000675565	0.00066694	0.00074824	0.000856225	0.00084781	0.000729525	0.00088505	0.00085816	0.000766745	0.000823205	0.000803025	0.000738135	0.000868025	0.00074737	0.000871505	0.00077508	0.000788995	0.000734305	0.000840555	0.000845995	0.00085035	0.00084019	0.000855575	0.00080747	0.000890015	0.000776865	0.00067215	0.00072349	0.000877115	0.00091973	0.000754095	0.00084193	0.000803745	0.000841965	0.000778375	0.000807045	0.000790765	0.000764895	0.000788545	0.00087642	0.000855095	0.00078008	0.000809865	0.000885105	0.00085207	0.000770615	0.00072357	0.000826435	0.00085578	0.000831455	0.000800585	0.000858595	0.000771805	0.000844115	0.000776285	0.000750235	0.00084445	0.000839645	0.000884445	0.000872705	0.000807925	0.00085132	0.000791785	0.0008427	0.000847275	0.00086545	0.000756115	0.000838015	0.000863865	0.000662925	0.000744795	0.0008459	0.000782775	0.00081214	0.00079596	0.000691585
26	0.00081625	0.0008183	0.00081503	0.000738815	0.000763235	0.00085971	0.00073697	0.00064549	0.000877935	0.00061819	0.000788715	0.00077495	0.00082897	0.000841695	0.00078132	0.0008166	0.00082574	0.00076632	0.000748865	0.000637975	0.000758105	0.000875895	0.00075014	0.000839325	0.00070685	0.00074824	0.00057286	0.00078726	0.000770325	0.000729545	0.000840925	0.00081999	0.000719125	0.00086085	0.0007649	0.0007891	0.00084804	0.000758375	0.00083589	0.00076968	0.000833925	0.000821925	0.000873445	0.000731195	0.000962765	0.0008185	0.000907965	0.000783765	0.00083037	0.000890965	0.000650485	0.000659	0.00086704	0.00081575	0.00053867	0.00073492	0.00086548	0.00089756	0.000777385	0.000776535	0.00082518	0.00082395	0.00074893	0.000851785	0.000879065	0.000873415	0.000818315	0.000864455	0.000853405	0.000823035	0.00061341	0.00078457	0.00084912	0.000765185	0.000759215	0.000815485	0.000823955	0.00086318	0.00066178	0.000775925	0.00074633	0.000737595	0.000891885	0.000945865	0.000809155	0.00091994	0.00077453	0.0008976	0.000859065	0.000766015	0.00078133	0.00085702	0.000804915	0.000735385	0.000591175	0.000865005	0.00076152	0.0008171	0.000747715	0.000748545
27	0.000713435	0.00087087	0.00070855	0.000829445	0.00074718	0.000705185	0.000828825	0.00093115	0.00076178	0.00085814	0.000809625	0.00071669	0.00075037	0.000739545	0.000800885	0.0008636	0.00071796	0.00074995	0.00082011	0.00086887	0.00072774	0.0007238	0.000770005	0.000756435	0.00082734	0.000856225	0.00078726	0.00070298	0.00070666	0.0007896	0.000724525	0.00076307	0.00066488	0.00073082	0.0008204	0.00080479	0.000733035	0.00093589	0.000688395	0.00086175	0.000791875	0.00087527	0.0006778	0.000764455	0.0007016	0.000702815	0.000689145	0.000806695	0.000687325	0.00075347	0.00093778	0.000809505	0.00066632	0.00075497	0.0008001	0.000768215	0.000759085	0.00074388	0.00077137	0.00083133	0.000870675	0.000790455	0.00083007	0.000652175	0.000717435	0.000828875	0.00082844	0.00065875	0.00070223	0.000803425	0.00082698	0.0007236	0.0006849	0.000707425	0.00086635	0.000735255	0.00086941	0.0006477	0.000822935	0.000972465	0.00078684	0.000724195	0.00072998	0.000718195	0.00074095	0.000709375	0.00081891	0.000744445	0.000712375	0.00072536	0.000788845	0.00072578	0.00070304	0.000891485	0.00081457	0.000686765	0.00081734	0.000842345	0.000721765	0.00091974
28	0.00076016	0.00082146	0.00078101	0.000828975	0.00059708	0.00074142	0.000792125	0.000907395	0.000728905	0.000821325	0.00076479	0.000757585	0.00084342	0.000715055	0.000810655	0.00086059	0.000722835	0.000597485	0.000830305	0.000809735	0.000678635	0.000842425	0.00066156	0.00077186	0.000770425	0.00084781	0.000770325	0.00070666	0.00065251	0.00081831	0.000707125	0.000789175	0.00071693	0.00074391	0.000791865	0.00082318	0.000751435	0.00090235	0.000733505	0.000783105	0.000790655	0.00084559	0.000653805	0.00053623	0.000794015	0.00073151	0.00075074	0.000762275	0.00071835	0.00082084	0.000891145	0.000775315	0.000782545	0.000858325	0.000808595	0.00061611	0.00081118	0.00075773	0.00084674	0.000826015	0.00089004	0.00083303	0.000784575	0.000703535	0.00072358	0.00085193	0.000836985	0.000517785	0.00075452	0.00085094	0.000798415	0.000763945	0.00074221	0.000703205	0.000819965	0.000710765	0.00086192	0.000763	0.000835555	0.00088634	0.000766615	0.0006103	0.00083422	0.000773985	0.000621255	0.00078399	0.00082023	0.000757535	0.000753085	0.000608415	0.000834705	0.000779945	0.000588365	0.00081232	0.000778375	0.000752775	0.00077258	0.00083702	0.000785945	0.00085624
29	0.000737995	0.000612325	0.00080839	0.000736905	0.000770555	0.00075678	0.000760715	0.000737125	0.00087627	0.000809575	0.000836425	0.00055076	0.00085785	0.00078415	0.000640025	0.0006453	0.000840895	0.0007939	0.00070591	0.00070223	0.00077739	0.000852235	0.00083712	0.000739505	0.000686065	0.000729525	0.000729545	0.0007896	0.00081831	0.00029281	0.0008635	0.00085113	0.0007201	0.00071105	0.00088137	0.00077218	0.000812895	0.000774225	0.00091554	0.00071973	0.00085347	0.000790385	0.000795625	0.000785225	0.000783875	0.000784555	0.0008051	0.000768075	0.00094122	0.000808095	0.00072986	0.000692745	0.000844795	0.000874605	0.000662785	0.000798725	0.00085056	0.000833575	0.00065008	0.000723245	0.00071943	0.00085252	0.00084053	0.000905155	0.00082136	0.000800185	0.000699905	0.000814815	0.00085636	0.00073148	0.000666735	0.000793655	0.00089489	0.00076999	0.000772475	0.00087387	0.00088841	0.00080238	0.000765365	0.000803525	0.000812745	0.000794165	0.00084168	0.00082739	0.000780875	0.00083748	0.000704725	0.000833575	0.00080812	0.00082972	0.00082374	0.000774415	0.000822625	0.00069352	0.00075802	0.00077606	0.000425365	0.000824015	0.00079461	0.00078684
30	0.00072987	0.00084591	0.000731645	0.0008959	0.000667725	0.00078946	0.00089178	0.00095525	0.0007826	0.00091781	0.00082904	0.000830695	0.000743015	0.000834775	0.000894075	0.00089315	0.000788535	0.000800405	0.00089191	0.0008972	0.000612825	0.000815705	0.0007581	0.0007664	0.000810005	0.00088505	0.000840925	0.000724525	0.000707125	0.0008635	0.00058174	0.000806885	0.000806465	0.000815295	0.000816535	0.000840235	0.00076137	0.000950095	0.00075596	0.000891555	0.00085123	0.00085834	0.00064599	0.00058903	0.0007492	0.000713885	0.000681505	0.000827955	0.000767235	0.00084998	0.00095429	0.00079088	0.00078461	0.00077321	0.000876885	0.000621375	0.0008175	0.000810645	0.000869015	0.000922955	0.000885855	0.000886055	0.00089356	0.000749805	0.00071365	0.000829475	0.00090722	0.0007996	0.000714235	0.000853285	0.000887265	0.000811385	0.000800285	0.0007507	0.00089864	0.000706025	0.0009315	0.000683455	0.000891255	0.00095283	0.00082545	0.00062588	0.000777615	0.000620395	0.000678735	0.00076089	0.000885985	0.00081059	0.000775775	0.000655915	0.000867535	0.00078176	0.00066012	0.000909205	0.00088088	0.00067955	0.000802465	0.000882855	0.00081529	0.000956795
31	0.000713995	0.000821065	0.00077418	0.00077507	0.000779065	0.00084112	0.000776915	0.000879555	0.00078916	0.000858305	0.00084344	0.00076315	0.000843815	0.00082608	0.000752195	0.00078422	0.00083636	0.000831825	0.000672875	0.000879055	0.000775815	0.000821235	0.000766265	0.000632565	0.000763905	0.00085816	0.00081999	0.00076307	0.000789175	0.00085113	0.000806885	0.00083601	0.000830835	0.00075165	0.00076092	0.00083314	0.00081875	0.00083955	0.000849315	0.000801165	0.000823085	0.00084673	0.000786685	0.000684745	0.00082905	0.000834495	0.00082603	0.00077548	0.00077205	0.000845235	0.000872535	0.00075111	0.00080965	0.000772225	0.0008307	0.000807515	0.00082417	0.000823185	0.000722815	0.000651635	0.00079565	0.000859425	0.00081498	0.000757335	0.00083019	0.00083179	0.000666605	0.0008564	0.000855515	0.00082303	0.00080657	0.00084239	0.000856245	0.0007498	0.00078281	0.00078661	0.000889165	0.00082106	0.00083511	0.000831945	0.000830495	0.00082308	0.000886755	0.000849775	0.0007193	0.00079379	0.00065867	0.000823185	0.00076566	0.00080918	0.0008453	0.000770525	0.00074675	0.00085562	0.000801665	0.00085523	0.00080581	0.000697085	0.00075528	0.000825355
32	0.00074443	0.00082267	0.00075016	0.000821645	0.0006965	0.00071498	0.00078793	0.000810815	0.000824515	0.000874155	0.000786705	0.00075631	0.000838195	0.00079165	0.00080974	0.000804665	0.00071549	0.0007137	0.000825935	0.000781285	0.0007815	0.00083299	0.000799005	0.00081479	0.000719985	0.000766745	0.000719125	0.00066488	0.00071693	0.0007201	0.000806465	0.000830835	0.00067519	0.000738315	0.000891075	0.000788085	0.00073031	0.00089088	0.000735925	0.00083537	0.00082554	0.00082572	0.00073638	0.000752495	0.00079436	0.000784545	0.00074314	0.00079867	0.000770765	0.000787195	0.00083734	0.000711315	0.00070775	0.000877705	0.00073232	0.00079275	0.000787745	0.000777675	0.00083864	0.00084027	0.000793805	0.00082711	0.000841845	0.000737215	0.0007345	0.00080983	0.000837915	0.000703985	0.00071674	0.000864915	0.00079423	0.00072701	0.000719095	0.00071367	0.00086649	0.00075584	0.00089897	0.00070686	0.00078318	0.00096803	0.000705095	0.000744175	0.00076396	0.00076848	0.00075594	0.000757995	0.00079643	0.00077841	0.000751775	0.000777	0.000813085	0.00076487	0.000763175	0.000785695	0.00077504	0.000734405	0.00074867	0.000892945	0.00068443	0.000883615
33	0.00069844	0.000777485	0.00073718	0.000816165	0.00049469	0.00061967	0.00083413	0.00091975	0.00064314	0.000872635	0.000842085	0.000613585	0.00087277	0.00075216	0.00078455	0.000777615	0.00078699	0.000621025	0.00083734	0.00090455	0.00073338	0.00077174	0.00075296	0.00065358	0.00082023	0.000823205	0.00086085	0.00073082	0.00074391	0.00071105	0.000815295	0.00075165	0.000738315	0.0005957	0.00082822	0.00082919	0.00059598	0.000844	0.00079442	0.00085594	0.000794795	0.00084752	0.000652885	0.000689955	0.000667305	0.000745385	0.000620425	0.0008307	0.000787565	0.00077916	0.00088908	0.000814025	0.00075723	0.00086699	0.00080783	0.00077854	0.000762085	0.000622135	0.000807265	0.00083112	0.000822875	0.00086199	0.000848595	0.000766265	0.00061071	0.00078771	0.00080946	0.000700855	0.000715075	0.00078197	0.0008508	0.00072064	0.000822985	0.00073259	0.00089416	0.00073286	0.00086132	0.000678415	0.000885835	0.00088281	0.000808015	0.00072086	0.00074189	0.00062788	0.00062435	0.000628595	0.000798655	0.00062195	0.000458125	0.000729225	0.000914765	0.000644385	0.000642275	0.000786785	0.000858385	0.00066467	0.0007708	0.00083452	0.000748685	0.00085201
